0
0 0 84 0 3 1 0 0
0 0 0 23 3 2 0 0
0 6 6 6 3 3 0 0
8 0 8 6 3 4 0 0
9.5 6 12 6 3 5 0 0
12 0 12 6 3 6 0 0
13.5 6 16 6 3 7 0 0
16 0 16 6 3 8 0 0
17.5 6 20 6 3 9 0 0
20 0 20 6 3 10 0 0
21.5 6 24 6 3 11 0 0
24 0 24 6 3 12 0 0 
25.5 6 28 6 3 13 0 0 
28 0 28 6 3 14 0 0
29.5 6 32 6 3 15 0 0
32 0 32 6 3 16 0 0 
33.5 6 36 6 3 17 0 0
36 0 36 6 3 18 0 0
37.5 6 40 6 3 19 0 0 
40 0 40 6 3 20 0 0 
41.5 6 44 6 3 21 0 0 
44 0 44 6 3 22 0 0
44 6 46.5 6 3 23 0 0
48 0 48 6 3 24 0 0
48 6 50.5 6 3 25 0 0
52 0 52 6 3 26 0 0
52 6 54.5 6 3 27 0 0
56 0 56 6 3 28 0 0 
56 6 58.5 6 3 29 0 0 
60 0 60 6 3 30 0 0
60 6 62.5 6 3 31 0 0
64 0 64 6 3 32 0 0
64 6 66.5 6 3 33 0 0
68 0 68 6 3 34 0 0
69.5 6 72 6 3 35 0 0
72 0 72 6 3 36 0 0
72 6 74.5 6 3 37 0 0
76 0 76 6 3 38 0 0
84 0 84 22 3 39 0 0
77.5 6 84 6 3 40 0 0
0 10 6 10 3 41 0 0
6 10 6 7.5 3 42 0 0
0 14 6 14 3 43 0 0
6 14 6 11.5 3 44 0 0
0 18 6 18 3 45 0 0
6 18 6 15.5 3 46 0 0
0 23 6 23 3 47 0 0
6 23 6 19.5 3 48 0 0
84 10 78 10 3 49 0 0
78 10 78 7.5 3 50 0 0
84 14 78 14 3 51 0 0
78 14 78 11.5 3 52 0 0
84 18 78 18 3 53 0 0
78 18 78 15.5 3 54 0 0
84 22 78 22 3 55 0 0
78 22 78 19.5 3 56 0 0
64 14 64 24 3 57 0 0
64 14 44 14 3 58 0 0
44 14 44 24 3 59 0 0
64 14 64 8 3 60 0 0
64 8 70 8 3 61 0 0
70 8 70 10 3 62 0 0
70 11.5 70 16 3 63 0 0
70 16 64 16 3 64 0 0
70 17.5 70 20 3 65 0 0
70 20 64 20 3 66 0 0
70 21.5 70 24 3 67 0 0
70 24 64 24 3 68 0 0
62.5 8 60 8 3 69 0 0
58.5 8 56 8 3 70 0 0
54.5 8 52 8 3 71 0 0
50.5 8 48 8 3 72 0 0
46.5 8 38 8 3 73 0 0
60 8 60 14 3 74 0 0
56 8 56 14 3 75 0 0
52 8 52 14 3 76 0 0
48 8 48 14 3 77 0 0
44 8 44 14 3 78 0 0
38 8 38 10 3 79 0 0
38 11.5 38 16 3 80 0 0
38 17.5 38 20 3 81 0 0
38 21.5 38 24 3 82 0 0
38 24 44 24 3 83 0 0
38 20 44 20 3 84 0 0
38 16 44 16 3 85 0 0
30 10 30 26 3 86 0 0
30 10 36 10 3 87 0 0
36 11.5 36 16 3 88 0 0
36 17.5 36 20 3 89 0 0
36 21.5 36 26 3 90 0 0
36 16 30 16 3 91 0 0
36 20 30 20 3 92 0 0
36 26 30 26 3 93 0 0
28 8 28 14 3 94 0 0
28 14 16 14 3 95 0 0
16 8 16 14 3 96 0 0
20 8 20 14 3 97 0 0
24 8 24 14 3 98 0 0
28 8 25.5 8 3 99 0 0
24 8 21.5 8 3 100 0 0
20 8 17.5 8 3 101 0 0
14 10 14 28 3 102 0 0
8 11.5 8 18 3 103 0 0
8 19.5 8 22 3 104 0 0
14 10 8 10 3 105 0 0
8 18 14 18 3 106 0 0
8 22 14 22 3 107 0 0
0 22 -12 22 3 108 0 0
-12 22 -12 38 3 109 0 0
-12 38 0 38 3 110 0 0
-12 30 2 30 3 111 0 0
2 26 2 24.5 3 112 0 0
2 26 2 28.5 3 113 0 0
2 34 2 31.5 3 114 0 0
8 31 8 26 3 115 0 0
8 22 8 24.5 3 116 0 0
14 26 14 50 3 117 0 0
14 28 8 28 3 118 0 0
8 29 4 29 3 119 0 0
4 26 5 26 3 120 0 0
8 26 7 26 3 121 0 0
14 28 14 50 3 122 0 0
8 32.5 8 34 3 123 0 0
0 34 0 60 3 124 0 0
0 60 44 60 3 125 0 0
44 60 44 25.5 3 126 0 0
42.5 36 14 36 3 127 0 0
30 36 30 50 3 128 0 0
14 36 14 50 3 129 0 0
16 46 16 52 3 130 0 0
16 46 28 46 3 131 0 0
28 46 28 52 3 132 0 0
28 52 17.5 52 3 133 0 0
0 34 6 34 3 134 0 0
0 42 6 42 3 135 0 0
0 46 6 46 3 136 0 0
0 50 6 50 3 137 0 0
0 54 4.5 54 3 138 0 0
6 54 6 51.5 3 139 0 0
6 50 6 47.5 3 140 0 0
6 46 6 43.5 3 141 0 0
6 42 6 39.5 3 142 0 0
6 38 6 34 3 143 0 0
8 60 8 54 3 144 0 0
12 60 12 54 3 145 0 0
16 60 16 54 3 146 0 0
20 60 20 54 3 147 0 0
24 60 24 54 3 148 0 0
28 60 28 54 3 149 0 0
32 60 32 54 3 150 0 0
36 60 36 54 3 151 0 0
44 54 37.5 54 3 152 0 0
34.5 54 32 54 3 153 0 0
30.5 54 28 54 3 154 0 0
26.5 54 24 54 3 155 0 0
22.5 54 20 54 3 156 0 0
18.5 54 16 54 3 157 0 0
14.5 54 12 54 3 158 0 0
10.5 54 8 54 3 159 0 0
8 50 14 50 3 160 0 0
8 46 14 46 3 161 0 0
8 42 14 42 3 162 0 0
8 38 14 38 3 163 0 0
8 34 14 34 3 164 0 0
8 35.5 8 38 3 165 0 0
8 39.5 8 42 3 166 0 0
8 43.5 8 46 3 167 0 0
8 47.5 8 50 3 168 0 0
30 50 36 50 3 169 0 0
36 48 36 48.5 3 170 0 0
36 46.5 36 44 3 171 0 0
36 42.5 36 40 3 172 0 0
36 38.5 36 36 3 173 0 0
30 40 36 40 3 174 0 0
30 44 36 44 3 175 0 0
30 48 36 48 3 176 0 0
44 38 38 38 3 177 0 0
44 42 38 42 3 178 0 0
44 46 38 46 3 179 0 0
44 50 38 50 3 180 0 0
38 38 38 40.5 3 181 0 0
38 42 38 44.5 3 182 0 0
38 46 38 48.5 3 183 0 0
38 50 38 52.5 3 184 0 0
2 26 -12 26 3 185 0 0
4 29 4 26 3 186 0 0
74 22 86 22 3 187 0 0
86 22 86 50 3 188 0 0
86 50 90 50 3 189 0 0
90 50 90 60 3 190 0 0
90 60 64 60 3 191 0 0
64 60 64 36 3 192 0 0
70 36 63 36 3 193 0 0
63 36 63 24 3 194 0 0
63 24 69 24 3 195 0 0
70 22 72.5 22 3 196 0 0
74 23.5 74 28.5 3 197 0 0
74 31.5 74 36.5 3 198 0 0
74 24 76 24 3 199 0 0
76 24 77 24 3 200 0 0
77 24 77 33 3 201 0 0
77 33 76 33 3 202 0 0
76 33 76 36 3 203 0 0
74 36 78 36 3 204 0 0
78 36 78 40.5 3 205 0 0
74 38 86 38 3 206 0 0
74 30 77 30 3 207 0 0 
72 26 67 26 3 208 0 0
72 26 72 34 3 209 0 0
72 34 68.5 34 3 210 0 0
67 34 67 30.75 3 211 0 0
67 29.25 67 26 3 212 0 0
67 28 70 28 3 213 0 0
70 28 70 32 3 214 0 0
67 32 67 32 3 215 0 0
70 36 70 38.5 3 216 0 0
70 38 72.5 38 3 217 0 0
84 38 84 50 3 218 0 0
84 50 78 50 3 219 0 0
78 48.5 78 46 3 220 0 0
78 44.5 78 41.5 3 221 0 0
78 42 84 42 3 222 0 0
78 46 84 46 3 223 0 0
86 60 86 52 3 224 0 0
86 52 81.5 52 3 225 0 0
80 52 75.5 52 3 226 0 0
72.5 52 70 52 3 227 0 0
74 60 74 52 3 228 0 0
80 60 80 52 3 229 0 0
70 24 70 21.5 3 230 0 0
70 48 70 45.5 3 231 0 0
70 44 70 41.5 3 232 0 0
70 52 70 49.5 3 233 0 0
64 40 70 40 3 234 0 0
64 44 70 44 3 235 0 0
64 48 70 48 3 236 0 0
64 52 70 52 3 237 0 0
42 26 42 30 3 238 0 0
42 30 30 32 3 239 0 0
30 26 30 36 3 240 0 0
38 26 38 30.665 3 241 0 0
42 26 39.5 26 3 242 0 0
38 26 38.5 26 3 243 0 0
9.5 28 9.5 30 3 244 0 0
11 28 11 30 3 245 0 0
12.5 28 12.5 30 3 246 0 0
12.5 28 12.5 26 3 247 0 0
11 28 11 26 3 248 0 0
67 32 70 32 3 249 0 0